2 1
7 1
9 1
13 1
15 1
17 1
20 1
25 1
52 1
61 1
1 2
8 2
9 2
11 2
18 2
21 2
23 2
44 2
61 2
89 2
92 2
4 3
6 3
13 3
15 3
16 3
17 3
21 3
25 3
3 4
5 4
6 4
8 4
10 4
11 4
15 4
17 4
18 4
21 4
39 4
44 4
88 4
4 5
12 5
14 5
15 5
17 5
24 5
25 5
60 5
91 5
3 6
4 6
7 6
8 6
10 6
11 6
13 6
21 6
25 6
26 6
42 6
1 7
6 7
13 7
16 7
21 7
25 7
69 7
79 7
2 8
4 8
6 8
22 8
23 8
39 8
43 8
44 8
80 8
86 8
97 8
1 9
2 9
11 9
13 9
15 9
19 9
21 9
25 9
4 10
6 10
13 10
15 10
18 10
25 10
2 11
4 11
6 11
9 11
12 11
18 11
21 11
31 11
5 12
11 12
13 12
16 12
23 12
1 13
3 13
6 13
7 13
9 13
10 13
12 13
15 13
19 13
20 13
23 13
24 13
25 13
37 13
81 13
5 14
20 14
21 14
23 14
25 14
1 15
3 15
4 15
5 15
9 15
10 15
13 15
16 15
23 15
27 15
74 15
3 16
7 16
12 16
15 16
17 16
18 16
23 16
25 16
26 16
73 16
1 17
3 17
4 17
5 17
16 17
18 17
20 17
21 17
24 17
25 17
32 17
53 17
66 17
93 17
2 18
4 18
10 18
11 18
16 18
17 18
25 18
28 18
58 18
87 18
9 19
13 19
20 19
25 19
61 19
73 19
1 20
13 20
14 20
17 20
19 20
21 20
22 20
23 20
25 20
33 20
35 20
49 20
2 21
3 21
4 21
6 21
7 21
9 21
11 21
14 21
17 21
20 21
22 21
23 21
8 22
20 22
21 22
26 22
50 22
69 22
72 22
82 22
2 23
8 23
12 23
13 23
14 23
15 23
16 23
20 23
21 23
24 23
25 23
77 23
96 23
5 24
13 24
17 24
23 24
84 24
1 25
3 25
5 25
6 25
7 25
9 25
10 25
13 25
14 25
16 25
17 25
18 25
19 25
20 25
23 25
28 25
6 26
16 26
22 26
31 26
33 26
42 26
43 26
45 26
46 26
48 26
50 26
52 26
62 26
87 26
15 27
29 27
32 27
35 27
41 27
45 27
46 27
18 28
25 28
30 28
33 28
34 28
35 28
36 28
40 28
41 28
42 28
91 28
27 29
31 29
34 29
39 29
46 29
47 29
48 29
49 29
50 29
86 29
28 30
32 30
34 30
40 30
41 30
46 30
48 30
50 30
54 30
11 31
26 31
29 31
34 31
36 31
39 31
40 31
46 31
48 31
50 31
62 31
17 32
27 32
30 32
33 32
35 32
36 32
37 32
43 32
49 32
50 32
20 33
26 33
28 33
32 33
42 33
44 33
46 33
47 33
48 33
50 33
61 33
28 34
29 34
30 34
31 34
35 34
39 34
44 34
45 34
49 34
70 34
83 34
20 35
27 35
28 35
32 35
34 35
41 35
45 35
46 35
87 35
28 36
31 36
32 36
37 36
39 36
41 36
43 36
46 36
48 36
53 36
63 36
85 36
13 37
32 37
36 37
40 37
41 37
48 37
49 37
50 37
39 38
43 38
45 38
47 38
4 39
8 39
29 39
31 39
34 39
36 39
38 39
40 39
47 39
49 39
50 39
99 39
28 40
30 40
31 40
37 40
39 40
44 40
57 40
27 41
28 41
30 41
35 41
36 41
37 41
42 41
50 41
77 41
6 42
26 42
28 42
33 42
41 42
43 42
48 42
50 42
74 42
8 43
26 43
32 43
36 43
38 43
42 43
46 43
48 43
49 43
82 43
2 44
4 44
8 44
33 44
34 44
40 44
46 44
48 44
49 44
79 44
26 45
27 45
34 45
35 45
38 45
46 45
48 45
50 45
73 45
100 45
26 46
27 46
29 46
30 46
31 46
33 46
35 46
36 46
43 46
44 46
45 46
47 46
49 46
58 46
77 46
93 46
29 47
33 47
38 47
39 47
46 47
26 48
29 48
30 48
31 48
33 48
36 48
37 48
42 48
43 48
44 48
45 48
91 48
20 49
29 49
32 49
34 49
37 49
39 49
43 49
44 49
46 49
57 49
68 49
78 49
22 50
26 50
29 50
30 50
31 50
32 50
33 50
37 50
39 50
41 50
42 50
45 50
79 50
92 50
54 51
55 51
58 51
59 51
61 51
65 51
68 51
69 51
71 51
73 51
1 52
26 52
53 52
55 52
57 52
59 52
60 52
64 52
70 52
17 53
36 53
52 53
56 53
57 53
58 53
61 53
63 53
64 53
69 53
70 53
72 53
74 53
75 53
88 53
93 53
30 54
51 54
65 54
66 54
71 54
75 54
95 54
51 55
52 55
56 55
66 55
67 55
70 55
71 55
72 55
75 55
86 55
53 56
55 56
60 56
66 56
67 56
71 56
73 56
74 56
75 56
83 56
40 57
49 57
52 57
53 57
59 57
61 57
65 57
68 57
69 57
71 57
72 57
18 58
46 58
51 58
53 58
61 58
67 58
69 58
71 58
72 58
51 59
52 59
57 59
60 59
66 59
67 59
68 59
74 59
92 59
96 59
100 59
5 60
52 60
56 60
59 60
64 60
65 60
67 60
68 60
73 60
75 60
80 60
83 60
1 61
2 61
19 61
33 61
51 61
53 61
57 61
58 61
63 61
64 61
66 61
75 61
82 61
89 61
26 62
31 62
64 62
66 62
67 62
71 62
72 62
74 62
87 62
36 63
53 63
61 63
65 63
66 63
70 63
71 63
52 64
53 64
60 64
61 64
62 64
68 64
70 64
74 64
83 64
51 65
54 65
57 65
60 65
63 65
67 65
71 65
73 65
75 65
17 66
54 66
55 66
56 66
59 66
61 66
62 66
63 66
69 66
74 66
78 66
91 66
55 67
56 67
58 67
59 67
60 67
62 67
65 67
69 67
70 67
71 67
94 67
49 68
51 68
57 68
59 68
60 68
64 68
75 68
7  9 
22 69
51 69
53 69
57 69
58 69
66 69
67 69
70 69
34 70
52 70
53 70
55 70
63 70
64 70
67 70
69 70
71 70
74 70
98 70
51 71
54 71
55 71
56 71
57 71
58 71
62 71
63 71
65 71
67 71
70 71
72 71
22 72
53 72
55 72
57 72
58 72
62 72
71 72
74 72
75 72
16 73
19 73
45 73
51 73
56 73
60 73
65 73
74 73
15 74
42 74
53 74
56 74
59 74
62 74
64 74
66 74
70 74
72 74
73 74
81 74
98 74
53 75
54 75
55 75
56 75
60 75
61 75
65 75
68 75
72 75
78 76
88 76
90 76
92 76
95 76
96 76
23 77
41 77
46 77
79 77
80 77
83 77
84 77
86 77
88 77
93 77
96 77
97 77
49 78
66 78
76 78
81 78
91 78
93 78
97 78
98 78
100 71
7 79
44 79
50 79
77 79
88 79
95 79
98 79
99 79
8 80
60 80
77 80
84 80
85 80
92 80
97 80
98 80
13 81
74 81
78 81
84 81
90 81
95 81
99 81
22 82
43 82
61 82
85 82
89 82
92 82
93 82
94 82
97 82
98 82
34 83
56 83
60 83
64 83
77 83
87 83
92 83
94 83
97 83
100 81
24 84
77 84
80 84
81 84
92 84
95 84
96 84
97 84
100 81
36 85
80 85
82 85
86 85
88 85
89 85
95 85
96 85
97 85
98 85
99 85
100 81
8 86
29 86
55 86
77 86
85 86
87 86
90 86
93 86
95 86
96 86
98 86
99 86
18 87
26 87
35 87
62 87
83 87
86 87
88 87
92 87
99 87
4 88 
53 88
76 88
77 88
79 88
85 88
87 88
89 88
95 88
96 88
97 88
100 81
2 89 
61 89
82 89
85 89
88 89
91 89
92 89
95 89
97 89
98 89
76 90
81 90
86 90
91 90
93 90
98 90
100 91
5 91
28 91
48 91
66 91
78 91
89 91
90 91
95 91
97 91
98 91
99 91
2 92
50 92
59 92
76 92
80 92
82 92
83 92
84 92
87 92
89 92
96 92
99 92
17 93
46 93
53 93
77 93
78 93
82 93
86 93
90 93
94 93
96 93
99 93
100 91
67 94
82 94
83 94
93 94
97 94
54 95
76 95
79 95
81 95
84 95
85 95
86 95
88 95
89 95
91 95
96 95
99 95
23 96
59 96
76 96
77 96
84 96
85 96
86 96
88 96
92 96
93 96
95 96
98 96
8 97 
77 97
78 97
80 97
82 97
83 97
84 97
85 97
88 97
89 97
91 97
94 97
98 97
70 98
74 98
78 98
79 98
80 98
82 98
85 98
86 98
89 98
90 98
91 98
96 98
97 98
39 99
79 99
81 99
85 99
86 99
87 99
91 99
92 99
93 99
95 99
45 100
59 100
78 100
83 100
84 100
85 100
88 100
90 100
93 100
102 101
103 101
104 101
105 101
106 101
107 101
108 101
109 101
110 101
111 101
112 101
113 101
114 101
115 101
116 101
117 101
118 101
119 101
120 101
121 101
122 101
123 101
124 101
125 101
127 101
133 101
135 101
137 101
139 101
140 101
141 101
148 101
149 101
151 101
156 101
160 101
165 101
173 101
174 101
177 101
182 101
183 101
190 101
194 101
196 101
101 102
103 102
104 102
105 102
106 102
107 102
108 102
109 102
110 102
111 102
112 102
113 102
114 102
115 102
116 102
117 102
118 102
119 102
120 102
121 102
122 102
123 102
124 102
125 102
127 102
130 102
139 102
143 102
145 102
148 102
158 102
160 102
161 102
164 102
170 102
174 102
176 102
181 102
182 102
184 102
188 102
190 102
191 102
194 102
196 102
200 102
101 103
102 103
104 103
105 103
106 103
107 103
108 103
109 103
110 103
111 103
112 103
113 103
114 103
115 103
116 103
117 103
118 103
119 103
120 103
121 103
122 103
123 103
124 103
125 103
130 103
131 103
132 103
147 103
148 103
153 103
168 103
170 103
172 103
178 103
180 103
182 103
194 103
196 103
101 104
102 104
103 104
105 104
106 104
107 104
108 104
109 104
110 104
111 104
112 104
113 104
114 104
115 104
116 104
117 104
118 104
119 104
120 104
121 104
122 104
123 104
124 104
125 104
126 104
129 104
134 104
145 104
159 104
160 104
162 104
163 104
164 104
176 104
177 104
180 104
193 104
196 104
101 105
102 105
103 105
104 105
106 105
107 105
108 105
109 105
110 105
111 105
112 105
113 105
114 105
115 105
116 105
117 105
118 105
119 105
120 105
121 105
122 105
123 105
124 105
125 105
126 105
136 105
148 105
153 105
162 105
168 105
173 105
177 105
179 105
183 105
191 105
198 105
200 105
101 106
102 106
103 106
104 106
105 106
107 106
108 106
109 106
110 106
111 106
112 106
113 106
114 106
115 106
116 106
117 106
118 106
119 106
120 106
121 106
122 106
123 106
124 106
125 106
129 106
131 106
135 106
138 106
139 106
140 106
144 106
146 106
156 106
158 106
160 106
163 106
171 106
176 106
181 106
184 106
185 106
191 106
101 107
102 107
103 107
104 107
105 107
106 107
108 107
109 107
110 107
111 107
112 107
113 107
114 107
115 107
116 107
117 107
118 107
119 107
120 107
121 107
122 107
123 107
124 107
125 107
136 107
138 107
139 107
141 107
143 107
157 107
184 107
188 107
190 107
195 107
197 107
200 107
101 108
102 108
103 108
104 108
105 108
106 108
107 108
109 108
110 108
111 108
112 108
113 108
114 108
115 108
116 108
117 108
118 108
119 108
120 108
121 108
122 108
123 108
124 108
125 108
128 108
130 108
137 108
138 108
139 108
148 108
149 108
152 108
156 108
158 108
162 108
164 108
169 108
175 108
184 108
189 108
200 108
101 109
102 109
103 109
104 109
105 109
106 109
107 109
108 109
110 109
111 109
112 109
113 109
114 109
115 109
116 109
117 109
118 109
119 109
120 109
121 109
122 109
123 109
124 109
125 109
130 109
131 109
134 109
147 109
161 109
174 109
199 109
101 110
102 110
103 110
104 110
105 110
106 110
107 110
108 110
109 110
111 110
112 110
113 110
114 110
115 110
116 110
117 110
118 110
119 110
120 110
121 110
122 110
123 110
124 110
125 110
126 110
139 110
146 110
150 110
153 110
154 110
155 110
159 110
160 110
165 110
174 110
177 110
183 110
185 110
186 110
188 110
191 110
193 110
101 111
102 111
103 111
104 111
105 111
106 111
107 111
108 111
109 111
110 111
112 111
113 111
114 111
115 111
116 111
117 111
118 111
119 111
120 111
121 111
122 111
123 111
124 111
125 111
127 111
130 111
140 111
149 111
158 111
166 111
169 111
171 111
172 111
175 111
178 111
185 111
193 111
195 111
197 111
101 112
102 112
103 112
104 112
105 112
106 112
107 112
108 112
109 112
110 112
111 112
113 112
114 112
115 112
116 112
117 112
118 112
119 112
120 112
121 112
122 112
123 112
124 112
125 112
127 112
128 112
145 112
157 112
158 112
160 112
161 112
166 112
169 112
177 112
185 112
186 112
187 112
190 112
192 112
194 112
196 112
198 112
101 113
102 113
103 113
104 113
105 113
106 113
107 113
108 113
109 113
110 113
111 113
112 113
114 113
115 113
116 113
117 113
118 113
119 113
120 113
121 113
122 113
123 113
124 113
125 113
127 113
134 113
140 113
143 113
145 113
146 113
147 113
160 113
166 113
169 113
170 113
171 113
175 113
181 113
185 113
187 113
197 113
101 114
102 114
103 114
104 114
105 114
106 114
107 114
108 114
109 114
110 114
111 114
112 114
113 114
115 114
116 114
117 114
118 114
119 114
120 114
121 114
122 114
123 114
124 114
125 114
132 114
134 114
141 114
144 114
147 114
149 114
161 114
163 114
166 114
168 114
174 114
191 114
194 114
198 114
199 114
101 115
102 115
103 115
104 115
105 115
106 115
107 115
108 115
109 115
110 115
111 115
112 115
113 115
114 115
116 115
117 115
118 115
119 115
120 115
121 115
122 115
123 115
124 115
125 115
129 115
131 115
139 115
141 115
143 115
150 115
155 115
156 115
177 115
186 115
190 115
197 115
101 116
102 116
103 116
104 116
105 116
106 116
107 116
108 116
109 116
110 116
111 116
112 116
113 116
114 116
115 116
117 116
118 116
119 116
120 116
121 116
122 116
123 116
124 116
125 116
126 116
128 116
131 116
133 116
137 116
140 116
142 116
151 116
152 116
153 116
155 116
159 116
163 116
164 116
166 116
176 116
178 116
181 116
182 116
185 116
192 116
193 116
197 116
200 116
101 117
102 117
103 117
104 117
105 117
106 117
107 117
108 117
109 117
110 117
111 117
112 117
113 117
114 117
115 117
116 117
118 117
119 117
120 117
121 117
122 117
123 117
124 117
125 117
128 117
138 117
140 117
141 117
152 117
153 117
158 117
171 117
173 117
175 117
186 117
192 117
101 118
102 118
103 118
104 118
105 118
106 118
107 118
108 118
109 118
110 118
111 118
112 118
113 118
114 118
115 118
116 118
117 118
119 118
120 118
121 118
122 118
123 118
124 118
125 118
127 118
133 118
136 118
138 118
140 118
158 118
159 118
163 118
166 118
167 118
171 118
176 118
180 118
196 118
197 118
101 119
102 119
103 119
104 119
105 119
106 119
107 119
108 119
109 119
110 119
111 119
112 119
113 119
114 119
115 119
116 119
117 119
118 119
120 119
121 119
122 119
123 119
124 119
125 119
131 119
135 119
144 119
147 119
159 119
162 119
163 119
166 119
171 119
175 119
185 119
186 119
188 119
198 119
101 120
102 120
103 120
104 120
105 120
106 120
107 120
108 120
109 120
110 120
111 120
112 120
113 120
114 120
115 120
116 120
117 120
118 120
119 120
121 120
122 120
123 120
124 120
125 120
128 120
130 120
139 120
142 120
150 120
151 120
163 120
169 120
180 120
181 120
182 120
190 120
194 120
101 121
102 121
103 121
104 121
105 121
106 121
107 121
108 121
109 121
110 121
111 121
112 121
113 121
114 121
115 121
116 121
117 121
118 121
119 121
120 121
122 121
123 121
124 121
125 121
129 121
132 121
133 121
143 121
144 121
146 121
161 121
163 121
165 121
167 121
177 121
179 121
182 121
184 121
186 121
194 121
101 122
102 122
103 122
104 122
105 122
106 122
107 122
108 122
109 122
110 122
111 122
112 122
113 122
114 122
115 122
116 122
117 122
118 122
119 122
120 122
121 122
123 122
124 122
125 122
127 122
138 122
150 122
152 122
158 122
160 122
170 122
176 122
183 122
194 122
197 122
199 122
101 123
102 123
103 123
104 123
105 123
106 123
107 123
108 123
109 123
110 123
111 123
112 123
113 123
114 123
115 123
116 123
117 123
118 123
119 123
120 123
121 123
122 123
124 123
125 123
126 123
131 123
135 123
146 123
147 123
153 123
155 123
158 123
160 123
161 123
166 123
169 123
172 123
178 123
184 123
193 123
194 123
195 123
101 124
102 124
103 124
104 124
105 124
106 124
107 124
108 124
109 124
110 124
111 124
112 124
113 124
114 124
115 124
116 124
117 124
118 124
119 124
120 124
121 124
122 124
123 124
125 124
129 124
132 124
138 124
139 124
141 124
143 124
148 124
149 124
157 124
162 124
176 124
177 124
182 124
186 124
188 124
190 124
198 124
200 124
101 125
102 125
103 125
104 125
105 125
106 125
107 125
108 125
109 125
110 125
111 125
112 125
113 125
114 125
115 125
116 125
117 125
118 125
119 125
120 125
121 125
122 125
123 125
124 125
132 125
149 125
162 125
170 125
174 125
177 125
183 125
200 125
104 126
105 126
110 126
116 126
123 126
127 126
128 126
129 126
130 126
131 126
132 126
133 126
134 126
135 126
136 126
137 126
138 126
139 126
140 126
141 126
142 126
143 126
144 126
145 126
146 126
147 126
148 126
149 126
150 126
151 126
152 126
159 126
165 126
178 126
179 126
184 126
188 126
195 126
199 126
101 127
102 127
111 127
112 127
113 127
118 127
122 127
126 127
128 127
129 127
130 127
131 127
132 127
133 127
134 127
135 127
136 127
137 127
138 127
139 127
140 127
141 127
142 127
143 127
144 127
145 127
146 127
147 127
148 127
149 127
150 127
154 127
158 127
160 127
162 127
170 127
173 127
176 127
189 127
192 127
194 127
108 128
112 128
116 128
117 128
120 128
126 128
127 128
129 128
130 128
131 128
132 128
133 128
134 128
135 128
136 128
137 128
138 128
139 128
140 128
141 128
142 128
143 128
144 128
145 128
146 128
147 128
148 128
149 128
150 128
166 128
171 128
181 128
183 128
184 128
189 128
199 128
104 129
106 129
115 129
121 129
124 129
126 129
127 129
128 129
130 129
131 129
132 129
133 129
134 129
135 129
136 129
137 129
138 129
139 129
140 129
141 129
142 129
143 129
144 129
145 129
146 129
147 129
148 129
149 129
150 129
151 129
163 129
167 129
175 129
176 129
178 129
182 129
184 129
188 129
192 129
195 129
197 129
102 130
103 130
108 130
109 130
111 130
120 130
126 130
127 130
128 130
129 130
131 130
132 130
133 130
134 130
135 130
136 130
137 130
138 130
139 130
140 130
141 130
142 130
143 130
144 130
145 130
146 130
147 130
148 130
149 130
150 130
152 130
157 130
163 130
164 130
165 130
166 130
173 130
174 130
198 130
103 131
106 131
109 131
115 131
116 131
119 131
123 131
126 131
127 131
128 131
129 131
130 131
132 131
133 131
134 131
135 131
136 131
137 131
138 131
139 131
140 131
141 131
142 131
143 131
144 131
145 131
146 131
147 131
148 131
149 131
150 131
151 131
154 131
162 131
172 131
174 131
177 131
180 131
186 131
195 131
199 131
103 132
114 132
121 132
124 132
125 132
126 132
127 132
128 132
129 132
130 132
131 132
133 132
134 132
135 132
136 132
137 132
138 132
139 132
140 132
141 132
142 132
143 132
144 132
145 132
146 132
147 132
148 132
149 132
150 132
151 132
154 132
156 132
157 132
160 132
161 132
167 132
173 132
174 132
181 132
183 132
184 132
189 132
192 132
194 132
199 132
200 132
101 133
116 133
118 133
121 133
126 133
127 133
128 133
129 133
130 133
131 133
132 133
134 133
135 133
136 133
137 133
138 133
139 133
140 133
141 133
142 133
143 133
144 133
145 133
146 133
147 133
148 133
149 133
150 133
155 133
156 133
168 133
175 133
180 133
186 133
189 133
192 133
199 133
104 134
109 134
113 134
114 134
126 134
127 134
128 134
129 134
130 134
131 134
132 134
133 134
135 134
136 134
137 134
138 134
139 134
140 134
141 134
142 134
143 134
144 134
145 134
146 134
147 134
148 134
149 134
150 134
153 134
159 134
160 134
161 134
164 134
167 134
179 134
180 134
191 134
196 134
198 134
101 135
106 135
119 135
123 135
126 135
127 135
128 135
129 135
130 135
131 135
132 135
133 135
134 135
136 135
137 135
138 135
139 135
140 135
141 135
142 135
143 135
144 135
145 135
146 135
147 135
148 135
149 135
150 135
151 135
164 135
171 135
172 135
177 135
189 135
105 136
107 136
118 136
126 136
127 136
128 136
129 136
130 136
131 136
132 136
133 136
134 136
135 136
137 136
138 136
139 136
140 136
141 136
142 136
143 136
144 136
145 136
146 136
147 136
148 136
149 136
150 136
158 136
164 136
178 136
180 136
199 136
101 137
108 137
116 137
126 137
127 137
128 137
129 137
130 137
131 137
132 137
133 137
134 137
135 137
136 137
138 137
139 137
140 137
141 137
142 137
143 137
144 137
145 137
146 137
147 137
148 137
149 137
150 137
152 137
153 137
154 137
156 137
158 137
160 137
162 137
164 137
165 137
167 137
173 137
174 137
176 137
193 137
195 137
196 137
106 138
107 138
108 138
117 138
118 138
122 138
124 138
126 138
127 138
128 138
129 138
130 138
131 138
132 138
133 138
134 138
135 138
136 138
137 138
139 138
140 138
141 138
142 138
143 138
144 138
145 138
146 138
147 138
148 138
149 138
150 138
152 138
154 138
157 138
161 138
164 138
166 138
180 138
184 138
190 138
191 138
192 138
200 138
101 139
102 139
106 139
107 139
108 139
110 139
115 139
120 139
124 139
126 139
127 139
128 139
129 139
130 139
131 139
132 139
133 139
134 139
135 139
136 139
137 139
138 139
140 139
141 139
142 139
143 139
144 139
145 139
146 139
147 139
148 139
149 139
150 139
154 139
173 139
174 139
184 139
186 139
188 139
192 139
198 139
101 140
106 140
111 140
113 140
116 140
117 140
118 140
126 140
127 140
128 140
129 140
130 140
131 140
132 140
133 140
134 140
135 140
136 140
137 140
138 140
139 140
141 140
142 140
143 140
144 140
145 140
146 140
147 140
148 140
149 140
150 140
154 140
157 140
158 140
162 140
163 140
165 140
171 140
173 140
175 140
187 140
188 140
190 140
192 140
195 140
198 140
101 141
107 141
114 141
115 141
117 141
124 141
126 141
127 141
128 141
129 141
130 141
131 141
132 141
133 141
134 141
135 141
136 141
137 141
138 141
139 141
140 141
142 141
143 141
144 141
145 141
146 141
147 141
148 141
149 141
150 141
157 141
158 141
159 141
160 141
161 141
172 141
179 141
181 141
189 141
193 141
194 141
199 141
116 142
120 142
126 142
127 142
128 142
129 142
130 142
131 142
132 142
133 142
134 142
135 142
136 142
137 142
138 142
139 142
140 142
141 142
143 142
144 142
145 142
146 142
147 142
148 142
149 142
150 142
155 142
158 142
164 142
170 142
174 142
175 142
176 142
186 142
189 142
192 142
193 142
194 142
196 142
198 142
102 143
107 143
113 143
115 143
121 143
124 143
126 143
127 143
128 143
129 143
130 143
131 143
132 143
133 143
134 143
135 143
136 143
137 143
138 143
139 143
140 143
141 143
142 143
144 143
145 143
146 143
147 143
148 143
149 143
150 143
155 143
156 143
157 143
158 143
162 143
166 143
169 143
171 143
185 143
190 143
199 143
106 144
114 144
119 144
121 144
126 144
127 144
128 144
129 144
130 144
131 144
132 144
133 144
134 144
135 144
136 144
137 144
138 144
139 144
140 144
141 144
142 144
143 144
145 144
146 144
147 144
148 144
149 144
150 144
153 144
158 144
167 144
190 144
198 144
102 145
104 145
112 145
113 145
126 145
127 145
128 145
129 145
130 145
131 145
132 145
133 145
134 145
135 145
136 145
137 145
138 145
139 145
140 145
141 145
142 145
143 145
144 145
146 145
147 145
148 145
149 145
150 145
151 145
155 145
157 145
163 145
166 145
173 145
175 145
181 145
183 145
186 145
189 145
192 145
193 145
195 145
199 145
106 146
110 146
113 146
121 146
123 146
126 146
127 146
128 146
129 146
130 146
131 146
132 146
133 146
134 146
135 146
136 146
137 146
138 146
139 146
140 146
141 146
142 146
143 146
144 146
145 146
147 146
148 146
149 146
150 146
153 146
178 146
183 146
190 146
191 146
198 146
103 147
109 147
113 147
114 147
119 147
123 147
126 147
127 147
128 147
129 147
130 147
131 147
132 147
133 147
134 147
135 147
136 147
137 147
138 147
139 147
140 147
141 147
142 147
143 147
144 147
145 147
146 147
148 147
149 147
150 147
154 147
156 147
159 147
173 147
175 147
176 147
181 147
186 147
187 147
191 147
192 147
195 147
198 147
199 147
101 148
102 148
103 148
105 148
108 148
124 148
126 148
127 148
128 148
129 148
130 148
131 148
132 148
133 148
134 148
135 148
136 148
137 148
138 148
139 148
140 148
141 148
142 148
143 148
144 148
145 148
146 148
147 148
149 148
150 148
154 148
160 148
167 148
168 148
173 148
177 148
189 148
197 148
198 148
101 149
108 149
111 149
114 149
124 149
125 149
126 149
127 149
128 149
129 149
130 149
131 149
132 149
133 149
134 149
135 149
136 149
137 149
138 149
139 149
140 149
141 149
142 149
143 149
144 149
145 149
146 149
147 149
148 149
150 149
151 149
152 149
166 149
167 149
169 149
174 149
176 149
178 149
181 149
190 149
195 149
110 150
115 150
120 150
122 150
126 150
127 150
128 150
129 150
130 150
131 150
132 150
133 150
134 150
135 150
136 150
137 150
138 150
139 150
140 150
141 150
142 150
143 150
144 150
145 150
146 150
147 150
148 150
149 150
153 150
154 150
156 150
160 150
164 150
169 150
170 150
176 150
184 150
186 150
187 150
189 150
190 150
101 151
116 151
120 151
126 151
129 151
131 151
132 151
135 151
145 151
149 151
152 151
153 151
154 151
155 151
156 151
157 151
158 151
159 151
160 151
161 151
162 151
163 151
164 151
165 151
166 151
167 151
168 151
169 151
170 151
171 151
172 151
173 151
174 151
175 151
180 151
190 151
195 151
200 151
108 152
116 152
117 152
122 152
126 152
130 152
137 152
138 152
149 152
151 152
153 152
154 152
155 152
156 152
157 152
158 152
159 152
160 152
161 152
162 152
163 152
164 152
165 152
166 152
167 152
168 152
169 152
170 152
171 152
172 152
173 152
174 152
175 152
181 152
182 152
183 152
189 152
191 152
193 152
195 152
196 152
103 153
105 153
110 153
116 153
117 153
123 153
134 153
137 153
144 153
146 153
150 153
151 153
152 153
154 153
155 153
156 153
157 153
158 153
159 153
160 153
161 153
162 153
163 153
164 153
165 153
166 153
167 153
168 153
169 153
170 153
171 153
172 153
173 153
174 153
175 153
182 153
193 153
198 153
110 154
127 154
131 154
132 154
137 154
138 154
139 154
140 154
147 154
148 154
150 154
151 154
152 154
153 154
155 154
156 154
157 154
158 154
159 154
160 154
161 154
162 154
163 154
164 154
165 154
166 154
167 154
168 154
169 154
170 154
171 154
172 154
173 154
174 154
175 154
176 154
180 154
193 154
197 154
198 154
110 155
115 155
116 155
123 155
133 155
142 155
143 155
145 155
151 155
152 155
153 155
154 155
156 155
157 155
158 155
159 155
160 155
161 155
162 155
163 155
164 155
165 155
166 155
167 155
168 155
169 155
170 155
171 155
172 155
173 155
174 155
175 155
178 155
179 155
181 155
183 155
184 155
186 155
187 155
189 155
193 155
194 155
196 155
101 156
106 156
108 156
115 156
132 156
133 156
137 156
143 156
147 156
150 156
151 156
152 156
153 156
154 156
155 156
157 156
158 156
159 156
160 156
161 156
162 156
163 156
164 156
165 156
166 156
167 156
168 156
169 156
170 156
171 156
172 156
173 156
174 156
175 156
180 156
197 156
199 156
200 156
107 157
112 157
124 157
130 157
132 157
138 157
140 157
141 157
143 157
145 157
151 157
152 157
153 157
154 157
155 157
156 157
158 157
159 157
160 157
161 157
162 157
163 157
164 157
165 157
166 157
167 157
168 157
169 157
170 157
171 157
172 157
173 157
174 157
175 157
177 157
102 158
106 158
108 158
111 158
112 158
117 158
118 158
122 158
123 158
127 158
136 158
137 158
140 158
141 158
142 158
143 158
144 158
151 158
152 158
153 158
154 158
155 158
156 158
157 158
159 158
160 158
161 158
162 158
163 158
164 158
165 158
166 158
167 158
168 158
169 158
170 158
171 158
172 158
173 158
174 158
175 158
177 158
178 158
183 158
187 158
197 158
199 158
104 159
110 159
116 159
118 159
119 159
126 159
134 159
141 159
147 159
151 159
152 159
153 159
154 159
155 159
156 159
157 159
158 159
160 159
161 159
162 159
163 159
164 159
165 159
166 159
167 159
168 159
169 159
170 159
171 159
172 159
173 159
174 159
175 159
177 159
185 159
189 159
192 159
198 159
101 160
102 160
104 160
106 160
110 160
112 160
113 160
122 160
123 160
127 160
132 160
134 160
137 160
141 160
148 160
150 160
151 160
152 160
153 160
154 160
155 160
156 160
157 160
158 160
159 160
161 160
162 160
163 160
164 160
165 160
166 160
167 160
168 160
169 160
170 160
171 160
172 160
173 160
174 160
175 160
183 160
186 160
193 160
102 161
109 161
112 161
114 161
121 161
123 161
132 161
134 161
138 161
141 161
151 161
152 161
153 161
154 161
155 161
156 161
157 161
158 161
159 161
160 161
162 161
163 161
164 161
165 161
166 161
167 161
168 161
169 161
170 161
171 161
172 161
173 161
174 161
175 161
179 161
185 161
189 161
192 161
194 161
195 161
196 161
198 161
104 162
105 162
108 162
119 162
124 162
125 162
127 162
131 162
137 162
140 162
143 162
151 162
152 162
153 162
154 162
155 162
156 162
157 162
158 162
159 162
160 162
161 162
163 162
164 162
165 162
166 162
167 162
168 162
169 162
170 162
171 162
172 162
173 162
174 162
175 162
178 162
179 162
180 162
181 162
182 162
183 162
185 162
186 162
188 162
190 162
192 162
196 162
199 162
104 163
106 163
114 163
116 163
118 163
119 163
120 163
121 163
129 163
130 163
140 163
145 163
151 163
152 163
153 163
154 163
155 163
156 163
157 163
158 163
159 163
160 163
161 163
162 163
164 163
165 163
166 163
167 163
168 163
169 163
170 163
171 163
172 163
173 163
174 163
175 163
176 163
177 163
181 163
182 163
184 163
187 163
189 163
192 163
195 163
102 164
104 164
108 164
116 164
130 164
134 164
135 164
136 164
137 164
138 164
142 164
150 164
151 164
152 164
153 164
154 164
155 164
156 164
157 164
158 164
159 164
160 164
161 164
162 164
163 164
165 164
166 164
167 164
168 164
169 164
170 164
171 164
172 164
173 164
174 164
175 164
185 164
194 164
195 164
197 164
101 165
110 165
121 165
126 165
130 165
137 165
140 165
151 165
152 165
153 165
154 165
155 165
156 165
157 165
158 165
159 165
160 165
161 165
162 165
163 165
164 165
166 165
167 165
168 165
169 165
170 165
171 165
172 165
173 165
174 165
175 165
186 165
188 165
196 165
111 166
112 166
113 166
114 166
116 166
118 166
119 166
123 166
128 166
130 166
138 166
143 166
145 166
149 166
151 166
152 166
153 166
154 166
155 166
156 166
157 166
158 166
159 166
160 166
161 166
162 166
163 166
164 166
165 166
167 166
168 166
169 166
170 166
171 166
172 166
173 166
174 166
175 166
179 166
184 166
192 166
195 166
118 167
121 167
129 167
132 167
134 167
137 167
144 167
148 167
149 167
151 167
152 167
153 167
154 167
155 167
156 167
157 167
158 167
159 167
160 167
161 167
162 167
163 167
164 167
165 167
166 167
168 167
169 167
170 167
171 167
172 167
173 167
174 167
175 167
177 167
178 167
180 167
183 167
185 167
189 167
192 167
197 167
103 168
105 168
114 168
133 168
148 168
151 168
152 168
153 168
154 168
155 168
156 168
157 168
158 168
159 168
160 168
161 168
162 168
163 168
164 168
165 168
166 168
167 168
169 168
170 168
171 168
172 168
173 168
174 168
175 168
176 168
179 168
186 168
188 168
190 168
191 168
193 168
194 168
108 169
111 169
112 169
113 169
120 169
123 169
143 169
149 169
150 169
151 169
152 169
153 169
154 169
155 169
156 169
157 169
158 169
159 169
160 169
161 169
162 169
163 169
164 169
165 169
166 169
167 169
168 169
170 169
171 169
172 169
173 169
174 169
175 169
180 169
185 169
187 169
188 169
192 169
193 169
102 170
103 170
113 170
122 170
125 170
127 170
142 170
150 170
151 170
152 170
153 170
154 170
155 170
156 170
157 170
158 170
159 170
160 170
161 170
162 170
163 170
164 170
165 170
166 170
167 170
168 170
169 170
171 170
172 170
173 170
174 170
175 170
180 170
181 170
183 170
186 170
187 170
192 170
194 170
195 170
106 171
111 171
113 171
117 171
118 171
119 171
128 171
135 171
140 171
143 171
151 171
152 171
153 171
154 171
155 171
156 171
157 171
158 171
159 171
160 171
161 171
162 171
163 171
164 171
165 171
166 171
167 171
168 171
169 171
170 171
172 171
173 171
174 171
175 171
178 171
187 171
190 171
192 171
195 171
196 171
198 171
103 172
111 172
123 172
131 172
135 172
141 172
151 172
152 172
153 172
154 172
155 172
156 172
157 172
158 172
159 172
160 172
161 172
162 172
163 172
164 172
165 172
166 172
167 172
168 172
169 172
170 172
171 172
173 172
174 172
175 172
195 172
197 172
200 172
101 173
105 173
117 173
127 173
130 173
132 173
137 173
139 173
140 173
145 173
147 173
148 173
151 173
152 173
153 173
154 173
155 173
156 173
157 173
158 173
159 173
160 173
161 173
162 173
163 173
164 173
165 173
166 173
167 173
168 173
169 173
170 173
171 173
172 173
174 173
175 173
182 173
186 173
187 173
101 174
102 174
109 174
110 174
114 174
125 174
130 174
131 174
132 174
137 174
139 174
142 174
149 174
151 174
152 174
153 174
154 174
155 174
156 174
157 174
158 174
159 174
160 174
161 174
162 174
163 174
164 174
165 174
166 174
167 174
168 174
169 174
170 174
171 174
172 174
173 174
175 174
178 174
185 174
186 174
188 174
198 174
108 175
111 175
113 175
117 175
119 175
129 175
133 175
140 175
142 175
145 175
147 175
151 175
152 175
153 175
154 175
155 175
156 175
157 175
158 175
159 175
160 175
161 175
162 175
163 175
164 175
165 175
166 175
167 175
168 175
169 175
170 175
171 175
172 175
173 175
174 175
177 175
178 175
190 175
192 175
102 176
104 176
106 176
116 176
118 176
122 176
124 176
127 176
129 176
137 176
142 176
147 176
149 176
150 176
154 176
163 176
168 176
177 176
178 176
179 176
180 176
181 176
182 176
183 176
184 176
185 176
186 176
187 176
188 176
189 176
190 176
191 176
192 176
193 176
194 176
195 176
196 176
197 176
198 176
199 176
200 176
101 177
104 177
105 177
110 177
112 177
115 177
121 177
124 177
125 177
131 177
135 177
148 177
157 177
158 177
159 177
163 177
167 177
175 177
176 177
178 177
179 177
180 177
181 177
182 177
183 177
184 177
185 177
186 177
187 177
188 177
189 177
190 177
191 177
192 177
193 177
194 177
195 177
196 177
197 177
198 177
199 177
200 177
103 178
111 178
116 178
123 178
126 178
129 178
136 178
146 178
149 178
155 178
158 178
162 178
167 178
171 178
174 178
175 178
176 178
177 178
179 178
180 178
181 178
182 178
183 178
184 178
185 178
186 178
187 178
188 178
189 178
190 178
191 178
192 178
193 178
194 178
195 178
196 178
197 178
198 178
199 178
200 178
105 179
121 179
126 179
134 179
141 179
155 179
161 179
162 179
166 179
168 179
176 179
177 179
178 179
180 179
181 179
182 179
183 179
184 179
185 179
186 179
187 179
188 179
189 179
190 179
191 179
192 179
193 179
194 179
195 179
196 179
197 179
198 179
199 179
200 179
103 180
104 180
118 180
120 180
131 180
133 180
134 180
136 180
138 180
151 180
154 180
156 180
162 180
167 180
169 180
170 180
176 180
177 180
178 180
179 180
181 180
182 180
183 180
184 180
185 180
186 180
187 180
188 180
189 180
190 180
191 180
192 180
193 180
194 180
195 180
196 180
197 180
198 180
199 180
200 180
102 181
106 181
113 181
116 181
120 181
128 181
132 181
141 181
145 181
147 181
149 181
152 181
155 181
162 181
163 181
170 181
176 181
177 181
178 181
179 181
180 181
182 181
183 181
184 181
185 181
186 181
187 181
188 181
189 181
190 181
191 181
192 181
193 181
194 181
195 181
196 181
197 181
198 181
199 181
200 181
101 182
102 182
103 182
116 182
120 182
121 182
124 182
129 182
152 182
153 182
162 182
163 182
173 182
176 182
177 182
178 182
179 182
180 182
181 182
183 182
184 182
185 182
186 182
187 182
188 182
189 182
190 182
191 182
192 182
193 182
194 182
195 182
196 182
197 182
198 182
199 182
200 182
101 183
105 183
110 183
122 183
125 183
128 183
132 183
145 183
146 183
152 183
155 183
158 183
160 183
162 183
167 183
170 183
176 183
177 183
178 183
179 183
180 183
181 183
182 183
184 183
185 183
186 183
187 183
188 183
189 183
190 183
191 183
192 183
193 183
194 183
195 183
196 183
197 183
198 183
199 183
200 183
102 184
106 184
107 184
108 184
121 184
123 184
126 184
128 184
129 184
132 184
138 184
139 184
150 184
155 184
163 184
166 184
176 184
177 184
178 184
179 184
180 184
181 184
182 184
183 184
185 184
186 184
187 184
188 184
189 184
190 184
191 184
192 184
193 184
194 184
195 184
196 184
197 184
198 184
199 184
200 184
106 185
110 185
111 185
112 185
113 185
116 185
119 185
143 185
159 185
161 185
162 185
164 185
167 185
169 185
174 185
176 185
177 185
178 185
179 185
180 185
181 185
182 185
183 185
184 185
186 185
187 185
188 185
189 185
190 185
191 185
192 185
193 185
194 185
195 185
196 185
197 185
198 185
199 185
200 185
110 186
112 186
115 186
117 186
119 186
121 186
124 186
131 186
133 186
139 186
142 186
145 186
147 186
150 186
155 186
160 186
162 186
165 186
168 186
170 186
173 186
174 186
176 186
177 186
178 186
179 186
180 186
181 186
182 186
183 186
184 186
185 186
187 186
188 186
189 186
190 186
191 186
192 186
193 186
194 186
195 186
196 186
197 186
198 186
199 186
200 186
112 187
113 187
140 187
147 187
150 187
155 187
158 187
163 187
169 187
170 187
171 187
173 187
176 187
177 187
178 187
179 187
180 187
181 187
182 187
183 187
184 187
185 187
186 187
188 187
189 187
190 187
191 187
192 187
193 187
194 187
195 187
196 187
197 187
198 187
199 187
200 187
102 188
107 188
110 188
119 188
124 188
126 188
129 188
139 188
140 188
162 188
165 188
168 188
169 188
174 188
176 188
177 188
178 188
179 188
180 188
181 188
182 188
183 188
184 188
185 188
186 188
187 188
189 188
190 188
191 188
192 188
193 188
194 188
195 188
196 188
197 188
198 188
199 188
200 188
108 189
127 189
128 189
132 189
133 189
135 189
141 189
142 189
145 189
148 189
150 189
152 189
155 189
159 189
161 189
163 189
167 189
176 189
177 189
178 189
179 189
180 189
181 189
182 189
183 189
184 189
185 189
186 189
187 189
188 189
190 189
191 189
192 189
193 189
194 189
195 189
196 189
197 189
198 189
199 189
200 189
101 190
102 190
107 190
112 190
115 190
120 190
124 190
138 190
140 190
143 190
144 190
146 190
149 190
150 190
151 190
162 190
168 190
171 190
175 190
176 190
177 190
178 190
179 190
180 190
181 190
182 190
183 190
184 190
185 190
186 190
187 190
188 190
189 190
191 190
192 190
193 190
194 190
195 190
196 190
197 190
198 190
199 190
200 190
102 191
105 191
106 191
110 191
114 191
134 191
138 191
146 191
147 191
152 191
168 191
176 191
177 191
178 191
179 191
180 191
181 191
182 191
183 191
184 191
185 191
186 191
187 191
188 191
189 191
190 191
192 191
193 191
194 191
195 191
196 191
197 191
198 191
199 191
200 191
112 192
116 192
117 192
127 192
129 192
132 192
133 192
138 192
139 192
140 192
142 192
145 192
147 192
159 192
161 192
162 192
163 192
166 192
167 192
169 192
170 192
171 192
175 192
176 192
177 192
178 192
179 192
180 192
181 192
182 192
183 192
184 192
185 192
186 192
187 192
188 192
189 192
190 192
191 192
193 192
194 192
195 192
196 192
197 192
198 192
199 192
200 192
104 193
110 193
111 193
116 193
123 193
137 193
141 193
142 193
145 193
152 193
153 193
154 193
155 193
160 193
168 193
169 193
176 193
177 193
178 193
179 193
180 193
181 193
182 193
183 193
184 193
185 193
186 193
187 193
188 193
189 193
190 193
191 193
192 193
194 193
195 193
196 193
197 193
198 193
199 193
200 193
101 194
102 194
103 194
112 194
114 194
120 194
121 194
122 194
123 194
127 194
132 194
141 194
142 194
155 194
161 194
164 194
168 194
170 194
176 194
177 194
178 194
179 194
180 194
181 194
182 194
183 194
184 194
185 194
186 194
187 194
188 194
189 194
190 194
191 194
192 194
193 194
195 194
196 194
197 194
198 194
199 194
200 194
107 195
111 195
123 195
126 195
129 195
131 195
137 195
140 195
145 195
147 195
149 195
151 195
152 195
161 195
163 195
164 195
166 195
170 195
171 195
172 195
176 195
177 195
178 195
179 195
180 195
181 195
182 195
183 195
184 195
185 195
186 195
187 195
188 195
189 195
190 195
191 195
192 195
193 195
194 195
196 195
197 195
198 195
199 195
200 195
101 196
102 196
103 196
104 196
112 196
118 196
134 196
137 196
142 196
152 196
155 196
161 196
162 196
165 196
171 196
176 196
177 196
178 196
179 196
180 196
181 196
182 196
183 196
184 196
185 196
186 196
187 196
188 196
189 196
190 196
191 196
192 196
193 196
194 196
195 196
197 196
198 196
199 196
200 196
107 197
111 197
113 197
115 197
116 197
118 197
122 197
129 197
148 197
154 197
156 197
158 197
164 197
167 197
172 197
176 197
177 197
178 197
179 197
180 197
181 197
182 197
183 197
184 197
185 197
186 197
187 197
188 197
189 197
190 197
191 197
192 197
193 197
194 197
195 197
196 197
198 197
199 197
200 197
105 198
112 198
114 198
119 198
124 198
130 198
134 198
139 198
140 198
142 198
144 198
146 198
147 198
148 198
153 198
154 198
159 198
161 198
171 198
174 198
176 198
177 198
178 198
179 198
180 198
181 198
182 198
183 198
184 198
185 198
186 198
187 198
188 198
189 198
190 198
191 198
192 198
193 198
194 198
195 198
196 198
197 198
199 198
200 198
109 199
114 199
122 199
126 199
128 199
131 199
132 199
133 199
136 199
141 199
143 199
145 199
147 199
156 199
158 199
162 199
176 199
177 199
178 199
179 199
180 199
181 199
182 199
183 199
184 199
185 199
186 199
187 199
188 199
189 199
190 199
191 199
192 199
193 199
194 199
195 199
196 199
197 199
198 199
200 199
102 200
105 200
107 200
108 200
116 200
124 200
125 200
132 200
138 200
151 200
156 200
172 200
176 200
177 200
178 200
179 200
180 200
181 200
182 200
183 200
184 200
185 200
186 200
187 200
188 200
189 200
190 200
191 200
192 200
193 200
194 200
195 200
196 200
197 200
198 200
199 200
1 101
101 1
10 101
101 10
